146,35
3,2
3,1
3,3
10,84
10,86
10,116
10,240
10,70
10,16
9,7
9,6
9,1
9,4
9,2
9,3
8,13
2,2
2,1
2,3
136,5
136,4
136,3
136,2
136,1
136,0
132,4
132,3
132,2
132,1
132,0
130,4
130,3
130,2
130,1
130,0
129,4
129,3
129,2
129,1
129,0
41,3
41,2
41,1
41,0
20,3
20,2
20,1
19,3
19,2
19,1
18,3
18,1
14,3
14,1
13,3
13,1
12,3
12,2
12,1
11,27
11,26
11,25
11,24
11,23
11,22
11,21
11,20
11,19
11,18
11,17
11,16
11,15
11,14
11,13
11,12
11,11
11,10
11,9
11,8
11,7
11,6
11,5
11,4
11,3
11,2
11,1
10,309
10,307
10,304
10,302
10,300
10,297
10,296
10,295
10,292
10,281
10,280
10,264
10,259
10,250
10,246
10,242
10,212
10,196
10,192
10,188
10,186
10,185
10,181
10,179
10,174
10,173
10,170
10,164
10,160
10,148
